x y spin
1 1 -0.189481
1 2 0.153419
1 3 -0.082683
1 4 -0.011232
1 5 0.100041
1 6 -0.162733
1 7 0.191464
2 1 0.227365
2 2 -0.186308
2 3 0.102414
2 4 0.011441
2 5 -0.121495
2 6 0.197257
2 7 -0.230769
3 1 -0.235356
3 2 0.186565
3 3 -0.100747
3 4 -0.009231
3 5 0.116164
3 6 -0.197687
3 7 0.237745
4 1 0.247994
4 2 -0.193568
4 3 0.099834
4 4 0.004055
4 5 -0.110319
4 6 0.197949
4 7 -0.253406
5 1 -0.237161
5 2 0.180743
5 3 -0.089334
5 4 -0.003441
5 5 0.098536
5 6 -0.182332
5 7 0.237895
6 1 0.258307
6 2 -0.195828
6 3 0.118461
6 4 0.014147
6 5 -0.105730
6 6 0.222333
6 7 -0.267894
7 1 -0.286430
7 2 0.249124
7 3 -0.105394
7 4 0.033314
7 5 0.191216
7 6 -0.241789
7 7 0.282505
8 1 0.280202
8 2 -0.235862
8 3 0.202573
8 4 0.091121
8 5 -0.133978
8 6 0.260692
8 7 -0.288080
9 1 -0.280930
9 2 0.244260
9 3 -0.096515
9 4 0.029613
9 5 0.185137
9 6 -0.234947
9 7 0.277308
10 1 0.261642
10 2 -0.195000
10 3 0.116076
10 4 0.017756
10 5 -0.106957
10 6 0.222899
10 7 -0.269185
11 1 -0.248151
11 2 0.186556
11 3 -0.091207
11 4 -0.004381
11 5 0.104489
11 6 -0.189312
11 7 0.248803
12 1 0.240269
12 2 -0.180723
12 3 0.091292
12 4 0.003767
12 5 -0.099333
12 6 0.186815
12 7 -0.245061
13 1 -0.242033
13 2 0.181445
13 3 -0.093460
13 4 -0.004103
13 5 0.100879
13 6 -0.189120
13 7 0.243250
14 1 0.241955
14 2 -0.183929
14 3 0.094101
14 4 0.003980
14 5 -0.102116
14 6 0.188770
14 7 -0.243951
15 1 -0.242313
15 2 0.187239
15 3 -0.097050
15 4 -0.003373
15 5 0.103081
15 6 -0.192842
15 7 0.249160
16 1 0.245635
16 2 -0.187206
16 3 0.096967
16 4 0.002368
16 5 -0.102035
16 6 0.191609
16 7 -0.248703
17 1 -0.245567
17 2 0.187109
17 3 -0.097340
17 4 -0.001875
17 5 0.101094
17 6 -0.190888
17 7 0.248165
18 1 0.245593
18 2 -0.187517
18 3 0.097737
18 4 0.001401
18 5 -0.100687
18 6 0.190445
18 7 -0.248051
19 1 -0.245756
19 2 0.187821
19 3 -0.098158
19 4 -0.001060
19 5 0.100373
19 6 -0.190227
19 7 0.247882
20 1 0.245832
20 2 -0.188095
20 3 0.098453
20 4 0.000744
20 5 -0.100094
20 6 0.189969
20 7 -0.247791
21 1 -0.245916
21 2 0.188275
21 3 -0.098704
21 4 -0.000482
21 5 0.099810
21 6 -0.189757
21 7 0.247694
22 1 0.245958
22 2 -0.188418
22 3 0.098887
22 4 0.000255
22 5 -0.099580
22 6 0.189556
22 7 -0.247609
23 1 -0.245999
23 2 0.188529
23 3 -0.099039
23 4 -0.000088
23 5 0.099402
23 6 -0.189411
23 7 0.247541
24 1 0.246032
24 2 -0.188623
24 3 0.099154
24 4 -0.000033
24 5 -0.099284
24 6 0.189312
24 7 -0.247500
25 1 -0.246057
25 2 0.188685
25 3 -0.099232
25 4 0.000111
25 5 0.099209
25 6 -0.189252
25 7 0.247475
26 1 0.246072
26 2 -0.188717
26 3 0.099271
26 4 -0.000151
26 5 -0.099170
26 6 0.189223
26 7 -0.247462
27 1 -0.246071
27 2 0.188721
27 3 -0.099271
27 4 0.000153
27 5 0.099174
27 6 -0.189226
27 7 0.247472
28 1 0.246082
28 2 -0.188707
28 3 0.099253
28 4 -0.000112
28 5 -0.099218
28 6 0.189273
28 7 -0.247493
29 1 -0.246067
29 2 0.188676
29 3 -0.099191
29 4 0.000043
29 5 0.099320
29 6 -0.189359
29 7 0.247546
30 1 0.246054
30 2 -0.188600
30 3 0.099116
30 4 0.000079
30 5 -0.099442
30 6 0.189484
30 7 -0.247589
31 1 -0.246007
31 2 0.188501
31 3 -0.098957
31 4 -0.000226
31 5 0.099621
31 6 -0.189617
31 7 0.247699
32 1 0.245974
32 2 -0.188256
32 3 0.098718
32 4 0.000449
32 5 -0.099766
32 6 0.189798
32 7 -0.247727
33 1 -0.245874
33 2 0.188123
33 3 -0.098413
33 4 -0.000712
33 5 0.100080
33 6 -0.189969
33 7 0.247940
34 1 0.246099
34 2 -0.188052
34 3 0.098393
34 4 0.001186
34 5 -0.100619
34 6 0.190748
34 7 -0.248295
35 1 -0.246254
35 2 0.188513
35 3 -0.098282
35 4 -0.001323
35 5 0.101628
35 6 -0.191446
35 7 0.248799
36 1 0.246517
36 2 -0.188209
36 3 0.098665
36 4 0.002056
36 5 -0.102187
36 6 0.192628
36 7 -0.249240
37 1 -0.245814
37 2 0.188089
37 3 -0.097464
37 4 -0.002315
37 5 0.102627
37 6 -0.191548
37 7 0.249599
38 1 0.245434
38 2 -0.183959
38 3 0.095239
38 4 0.002753
38 5 -0.100497
38 6 0.191331
38 7 -0.247652
39 1 -0.248523
39 2 0.184142
39 3 -0.094852
39 4 -0.003069
39 5 0.100917
39 6 -0.195987
39 7 0.255897
40 1 0.264708
40 2 -0.210911
40 3 0.095677
40 4 0.001464
40 5 -0.124489
40 6 0.205323
40 7 -0.265001
41 1 -0.275650
41 2 0.220389
41 3 -0.162790
41 4 -0.047402
41 5 0.119543
41 6 -0.246454
41 7 0.284285
42 1 0.291977
42 2 -0.266301
42 3 0.108801
42 4 -0.062453
42 5 -0.218394
42 6 0.253309
42 7 -0.288690
43 1 -0.279534
43 2 0.238054
43 3 -0.193481
43 4 -0.068746
43 5 0.125549
43 6 -0.253158
43 7 0.286135
44 1 0.267125
44 2 -0.225865
44 3 0.110769
44 4 -0.013907
44 5 -0.137211
44 6 0.204372
44 7 -0.262041
45 1 -0.267813
45 2 0.220444
45 3 -0.129640
45 4 0.021692
45 5 0.094345
45 6 -0.205831
45 7 0.270895
46 1 0.250142
46 2 -0.215425
46 3 0.143679
46 4 -0.037288
46 5 -0.076755
46 6 0.177023
46 7 -0.236953
47 1 -0.238709
47 2 0.216626
47 3 -0.154092
47 4 0.048556
47 5 0.072992
47 6 -0.173701
47 7 0.227133
48 1 0.199761
48 2 -0.179953
48 3 0.127172
48 4 -0.042480
48 5 -0.057547
48 6 0.140260
48 7 -0.187794
