x1 y1 x2 y2 pair
1 1 2 1 -1.711723e-01
1 1 1 2 1.054282e-01
2 1 3 1 -2.349429e-02
2 1 2 2 5.076294e-02
3 1 4 1 -1.574233e-02
3 1 3 2 2.111327e-02
4 1 5 1 -1.473521e-02
4 1 4 2 1.652413e-02
5 1 6 1 -7.609705e-03
5 1 5 2 1.175407e-02
6 1 7 1 -5.138815e-03
6 1 6 2 7.128240e-03
7 1 8 1 -1.994627e-03
7 1 7 2 3.680424e-03
8 1 9 1 -1.528268e-03
8 1 8 2 2.019979e-03
9 1 10 1 -4.937885e-03
9 1 9 2 3.494551e-03
10 1 11 1 -8.681157e-03
10 1 10 2 7.251472e-03
11 1 12 1 -1.354576e-02
11 1 11 2 1.182146e-02
12 1 13 1 -1.672761e-02
12 1 12 2 1.578796e-02
13 1 14 1 -2.011173e-02
13 1 13 2 1.909804e-02
14 1 15 1 -2.218759e-02
14 1 14 2 2.189528e-02
15 1 16 1 -2.326339e-02
15 1 15 2 2.404976e-02
16 1 17 1 -2.399831e-02
16 1 16 2 2.550012e-02
17 1 18 1 -2.284122e-02
17 1 17 2 2.539890e-02
18 1 19 1 -2.133108e-02
18 1 18 2 2.369291e-02
19 1 20 1 -1.893244e-02
19 1 19 2 2.114205e-02
20 1 21 1 -1.555868e-02
20 1 20 2 1.800113e-02
21 1 22 1 -1.250216e-02
21 1 21 2 1.448605e-02
22 1 23 1 -8.123059e-03
22 1 22 2 1.065279e-02
23 1 24 1 -5.602734e-03
23 1 23 2 7.000998e-03
24 1 25 1 -3.817749e-03
24 1 24 2 4.870051e-03
25 1 26 1 -6.156359e-03
25 1 25 2 5.326895e-03
26 1 27 1 -1.076106e-02
26 1 26 2 8.792143e-03
27 1 28 1 -1.310266e-02
27 1 27 2 1.315163e-02
28 1 29 1 -1.915057e-02
28 1 28 2 1.718733e-02
29 1 30 1 -1.811148e-02
29 1 29 2 2.033942e-02
30 1 31 1 -2.400583e-02
30 1 30 2 2.264160e-02
31 1 32 1 -1.704662e-01
31 1 31 2 5.068953e-02
32 1 32 2 1.053997e-01
1 2 2 2 -1.711728e-01
1 2 1 3 1.054430e-01
2 2 3 2 -2.349797e-02
2 2 2 3 5.077274e-02
3 2 4 2 -1.574669e-02
3 2 3 3 2.114551e-02
4 2 5 2 -1.477196e-02
4 2 4 3 1.655103e-02
5 2 6 2 -7.681695e-03
5 2 5 3 1.181807e-02
6 2 7 2 -5.238271e-03
6 2 6 3 7.237149e-03
7 2 8 2 -2.088567e-03
7 2 7 3 3.789400e-03
8 2 9 2 -1.603520e-03
8 2 8 3 2.105578e-03
9 2 10 2 -5.000588e-03
9 2 9 3 3.563687e-03
10 2 11 2 -8.699569e-03
10 2 10 3 7.300079e-03
11 2 12 2 -1.351080e-02
11 2 11 3 1.179739e-02
12 2 13 2 -1.664896e-02
12 2 12 3 1.570376e-02
13 2 14 2 -2.002362e-02
13 2 13 3 1.898651e-02
14 2 15 2 -2.217279e-02
14 2 14 3 2.183172e-02
15 2 16 2 -2.333479e-02
15 2 15 3 2.404523e-02
16 2 17 2 -2.412974e-02
16 2 16 3 2.556881e-02
17 2 18 2 -2.302426e-02
17 2 17 3 2.552126e-02
18 2 19 2 -2.144370e-02
18 2 18 3 2.375332e-02
19 2 20 2 -1.894005e-02
19 2 19 3 2.117455e-02
20 2 21 2 -1.548511e-02
20 2 20 3 1.799215e-02
21 2 22 2 -1.237978e-02
21 2 21 3 1.441330e-02
22 2 23 2 -8.005916e-03
22 2 22 3 1.049621e-02
23 2 24 2 -5.560922e-03
23 2 23 3 6.852709e-03
24 2 25 2 -3.872473e-03
24 2 24 3 4.811102e-03
25 2 26 2 -6.264378e-03
25 2 25 3 5.337202e-03
26 2 27 2 -1.090210e-02
26 2 26 3 8.889021e-03
27 2 28 2 -1.322339e-02
27 2 27 3 1.324690e-02
28 2 29 2 -1.922772e-02
28 2 28 3 1.723293e-02
29 2 30 2 -1.815787e-02
29 2 29 3 2.033190e-02
30 2 31 2 -2.401469e-02
30 2 30 3 2.254661e-02
31 2 32 2 -1.704592e-01
31 2 31 3 5.065558e-02
32 2 32 3 1.053565e-01
1 3 2 3 -1.711767e-01
1 3 1 4 1.054299e-01
2 3 3 3 -2.350152e-02
2 3 2 4 5.076351e-02
3 3 4 3 -1.573898e-02
3 3 3 4 2.111278e-02
4 3 5 3 -1.477557e-02
4 3 4 4 1.654385e-02
5 3 6 3 -7.739023e-03
5 3 5 4 1.185062e-02
6 3 7 3 -5.343302e-03
6 3 6 4 7.322168e-03
7 3 8 3 -2.199744e-03
7 3 7 4 3.907231e-03
8 3 9 3 -1.716418e-03
8 3 8 4 2.217596e-03
9 3 10 3 -5.090377e-03
9 3 9 4 3.653850e-03
10 3 11 3 -8.744983e-03
10 3 10 4 7.333656e-03
11 3 12 3 -1.347882e-02
11 3 11 4 1.175859e-02
12 3 13 3 -1.657900e-02
12 3 12 4 1.559309e-02
13 3 14 3 -1.997672e-02
13 3 13 4 1.888610e-02
14 3 15 3 -2.217020e-02
14 3 14 4 2.179384e-02
15 3 16 3 -2.340261e-02
15 3 15 4 2.412353e-02
16 3 17 3 -2.425186e-02
16 3 16 4 2.574320e-02
17 3 18 3 -2.314118e-02
17 3 17 4 2.573677e-02
18 3 19 3 -2.153204e-02
18 3 18 4 2.394145e-02
19 3 20 3 -1.896343e-02
19 3 19 4 2.126004e-02
20 3 21 3 -1.541877e-02
20 3 20 4 1.794463e-02
21 3 22 3 -1.222732e-02
21 3 21 4 1.425815e-02
22 3 23 3 -7.858955e-03
22 3 22 4 1.037162e-02
23 3 24 3 -5.508374e-03
23 3 23 4 6.832424e-03
24 3 25 3 -3.928156e-03
24 3 24 4 4.878930e-03
25 3 26 3 -6.383014e-03
25 3 25 4 5.477950e-03
26 3 27 3 -1.105527e-02
26 3 26 4 9.013348e-03
27 3 28 3 -1.335602e-02
27 3 27 4 1.339203e-02
28 3 29 3 -1.931029e-02
28 3 28 4 1.737128e-02
29 3 30 3 -1.819667e-02
29 3 29 4 2.045205e-02
30 3 31 3 -2.403020e-02
30 3 30 4 2.269082e-02
31 3 32 3 -1.704513e-01
31 3 31 4 5.069463e-02
32 3 32 4 1.053905e-01
1 4 2 4 -1.711750e-01
2 4 3 4 -2.350148e-02
3 4 4 4 -1.574587e-02
4 4 5 4 -1.482729e-02
5 4 6 4 -7.837986e-03
6 4 7 4 -5.479691e-03
7 4 8 4 -2.338105e-03
8 4 9 4 -1.832583e-03
9 4 10 4 -5.166455e-03
10 4 11 4 -8.756354e-03
11 4 12 4 -1.341006e-02
12 4 13 4 -1.644810e-02
13 4 14 4 -1.986052e-02
14 4 15 4 -2.212491e-02
15 4 16 4 -2.346027e-02
16 4 17 4 -2.437997e-02
17 4 18 4 -2.328750e-02
18 4 19 4 -2.161497e-02
19 4 20 4 -1.895562e-02
20 4 21 4 -1.531779e-02
21 4 22 4 -1.206686e-02
22 4 23 4 -7.742701e-03
23 4 24 4 -5.485638e-03
24 4 25 4 -3.992138e-03
25 4 26 4 -6.491254e-03
26 4 27 4 -1.116964e-02
27 4 28 4 -1.344086e-02
28 4 29 4 -1.937457e-02
29 4 30 4 -1.822838e-02
30 4 31 4 -2.404164e-02
31 4 32 4 -1.704514e-01
